480
0.506988
0.364732
0.233942
0.107896
-0.0156304
-0.138081
-0.261793
-0.390033
-0.531853
-0.720464
0.496133
0.345824
0.209606
0.0794936
-0.0471373
-0.171866
-0.297112
-0.426142
-0.567917
-0.755482
0.490614
0.335678
0.196125
0.0633658
-0.0653994
-0.191835
-0.318436
-0.448502
-0.590982
-0.778908
0.487162
0.329183
0.187397
0.0528038
-0.0775072
-0.205243
-0.33293
-0.463878
-0.607019
-0.795376
0.484749
0.324649
0.181307
0.04542
-0.086
-0.214687
-0.343183
-0.474797
-0.618449
-0.807154
0.482983
0.32137
0.176925
0.0401207
-0.0920894
-0.221458
-0.350536
-0.482633
-0.626656
-0.815619
0.481688
0.319
0.173777
0.0363261
-0.0964398
-0.226288
-0.355777
-0.488213
-0.6325
-0.821645
0.480774
0.317347
0.171591
0.0337007
-0.0994426
-0.229616
-0.359383
-0.49205
-0.636515
-0.825783
0.480188
0.316297
0.170208
0.0320444
-0.101333
-0.231709
-0.361648
-0.494458
-0.639033
-0.828378
0.479902
0.315787
0.169538
0.0312428
-0.102248
-0.23272
-0.362742
-0.49562
-0.640248
-0.829629
0.479903
0.315787
0.169539
0.0312434
-0.102247
-0.232719
-0.362741
-0.49562
-0.640248
-0.829628
0.480189
0.316298
0.17021
0.0320461
-0.101332
-0.231707
-0.361646
-0.494457
-0.639032
-0.828375
0.480776
0.317349
0.171594
0.0337036
-0.0994395
-0.229613
-0.359379
-0.492047
-0.636512
-0.825779
0.481691
0.319004
0.17378
0.0363301
-0.0964354
-0.226283
-0.355771
-0.488209
-0.632496
-0.821638
0.482987
0.321375
0.17693
0.0401259
-0.0920839
-0.221452
-0.350529
-0.482628
-0.626652
-0.815611
0.484754
0.324654
0.181313
0.0454262
-0.0859933
-0.21468
-0.343174
-0.474792
-0.618443
-0.807144
0.487168
0.329189
0.187404
0.052811
-0.0774993
-0.205234
-0.332919
-0.463872
-0.607013
-0.795364
0.490621
0.335685
0.196132
0.0633739
-0.0653904
-0.191826
-0.318423
-0.448496
-0.590975
-0.778892
0.496139
0.34583
0.209614
0.079502
-0.0471276
-0.171855
-0.297096
-0.426138
-0.567911
-0.755463
0.506993
0.364737
0.23395
0.107903
-0.015621
-0.13807
-0.261774
-0.390033
-0.531857
-0.72045
0.582945
0.490916
0.387501
0.279042
0.167345
0.0528898
-0.0654555
-0.190213
-0.329787
-0.517067
0.590951
0.506944
0.409526
0.305957
0.198447
0.0877131
-0.0272544
-0.148927
-0.285694
-0.470351
0.595923
0.516207
0.422053
0.321293
0.21627
0.107735
-0.00532504
-0.125416
-0.260981
-0.444881
0.599449
0.522526
0.430436
0.331424
0.22793
0.120729
0.00880267
-0.110377
-0.245286
-0.428834
0.601975
0.527007
0.436329
0.33849
0.236007
0.129675
0.018482
-0.100113
-0.234609
-0.417951
0.603778
0.530214
0.440536
0.343517
0.241732
0.135996
0.0253021
-0.0928965
-0.227112
-0.410318
0.605047
0.532489
0.44352
0.347077
0.245781
0.140458
0.0301108
-0.0878132
-0.221834
-0.404946
0.605909
0.534046
0.445564
0.349516
0.248552
0.14351
0.0333973
-0.084341
-0.218231
-0.401278
0.606445
0.535019
0.446844
0.351043
0.250286
0.145419
0.0354522
-0.0821706
-0.215978
-0.398986
0.606701
0.535488
0.44746
0.351778
0.251121
0.146339
0.0364417
-0.0811257
-0.214894
-0.397882
0.606701
0.535488
0.44746
0.351778
0.251121
0.146338
0.0364416
-0.0811261
-0.214895
-0.397882
0.606443
0.535018
0.446843
0.351042
0.250285
0.145419
0.0354517
-0.0821717
-0.21598
-0.398986
0.605907
0.534044
0.445562
0.349514
0.24855
0.143509
0.0333964
-0.084343
-0.218233
-0.401279
0.605044
0.532486
0.443517
0.347075
0.245779
0.140456
0.0301098
-0.087816
-0.221837
-0.404947
0.603774
0.530211
0.440533
0.343514
0.24173
0.135993
0.025301
-0.0929
-0.227115
-0.410318
0.601971
0.527003
0.436325
0.338487
0.236004
0.129673
0.018481
-0.100118
-0.234613
-0.417951
0.599444
0.522521
0.430432
0.33142
0.227927
0.120726
0.00880185
-0.110382
-0.245291
-0.428833
0.595918
0.516202
0.422049
0.321289
0.216266
0.107732
-0.00532553
-0.125424
-0.260989
-0.44488
0.590945
0.506939
0.409522
0.305952
0.198443
0.0877095
-0.0272534
-0.148938
-0.285705
-0.470347
0.582939
0.49091
0.387497
0.279037
0.167342
0.052886
-0.0654504
-0.19023
-0.329799
-0.517049
0.507555
0.39603
0.278694
0.161741
0.0444
-0.074265
-0.195808
-0.323368
-0.465517
-0.651045
0.517393
0.418636
0.307035
0.193821
0.0790663
-0.037833
-0.158173
-0.285016
-0.426838
-0.611374
0.538097
0.444106
0.336507
0.225899
0.112899
-0.00275682
-0.122201
-0.248322
-0.389498
-0.57429
0.5381
0.444077
0.33651
0.225888
0.112892
-0.00275855
-0.122242
-0.248215
-0.38959
-0.574274
0.517397
0.418605
0.307038
0.19381
0.0790575
-0.0378357
-0.158224
-0.284888
-0.426943
-0.611363
0.507558
0.396
0.278696
0.161729
0.0443904
-0.0742689
-0.19586
-0.323254
-0.465604
-0.651041
-0.203415
-0.285135
-0.334028
-0.366543
-0.389203
-0.405301
-0.416698
-0.424504
-0.429392
-0.431748
-0.431747
-0.42939
-0.4245
-0.416692
-0.405293
-0.389193
-0.36653
-0.334011
-0.285112
-0.203383
