460
-0.699079
-0.473722
-0.266113
-0.135218
-0.030756
0.0644107
0.161556
0.258751
0.293364
-0.571295
-0.90994
-0.722583
-0.47072
-0.293049
-0.147695
-0.0198253
0.102167
0.217907
0.267161
-0.566086
-1.02215
-0.837098
-0.569512
-0.378508
-0.219292
-0.077075
0.0595424
0.189883
0.252644
-0.569341
-1.09632
-0.907501
-0.627328
-0.427762
-0.260731
-0.110637
0.0341419
0.17279
0.243235
-0.573099
-1.14859
-0.955156
-0.664974
-0.45903
-0.286702
-0.131636
0.0181086
0.161788
0.236946
-0.576057
-1.18626
-0.988673
-0.690798
-0.480079
-0.303981
-0.145547
0.00745353
0.154403
0.232648
-0.578193
-1.21328
-1.01235
-0.708757
-0.49454
-0.315752
-0.154987
0.000220846
0.14937
0.229698
-0.579683
-1.23197
-1.02858
-0.720946
-0.504278
-0.323637
-0.16129
-0.00460531
0.146008
0.227723
-0.580679
-1.24377
-1.03876
-0.728542
-0.510319
-0.32851
-0.165177
-0.00757945
0.143936
0.226505
-0.581291
-1.24947
-1.04367
-0.732195
-0.513215
-0.330842
-0.167035
-0.00900038
0.142946
0.225924
-0.581581
-1.24947
-1.04367
-0.732194
-0.513214
-0.330841
-0.167034
-0.0090004
0.142946
0.225925
-0.58158
-1.24376
-1.03876
-0.72854
-0.510317
-0.328508
-0.165175
-0.00757957
0.143936
0.226507
-0.581288
-1.23197
-1.02858
-0.720942
-0.504275
-0.323634
-0.161287
-0.00460574
0.146009
0.227727
-0.580675
-1.21327
-1.01235
-0.708751
-0.494535
-0.315748
-0.154982
0.000220183
0.149372
0.229704
-0.579676
-1.18626
-0.988667
-0.690791
-0.480074
-0.303975
-0.145541
0.00745297
0.154406
0.232657
-0.578184
-1.14859
-0.955149
-0.664966
-0.459023
-0.286694
-0.131628
0.0181076
0.161791
0.236958
-0.576043
-1.09631
-0.907494
-0.627318
-0.427754
-0.260722
-0.110627
0.0341395
0.172794
0.243252
-0.57308
-1.02214
-0.837091
-0.5695
-0.3785
-0.219282
-0.077063
0.0595362
0.189885
0.252663
-0.569318
-0.909938
-0.72258
-0.470709
-0.293042
-0.147685
-0.0198097
0.102159
0.217916
0.267194
-0.566054
-0.699075
-0.473738
-0.26611
-0.13522
-0.0307571
0.0644262
0.161494
0.258916
0.293478
-0.571296
0.288758
0.179903
0.12916
0.13076
0.160128
0.207463
0.270422
0.339752
0.347547
-0.550878
0.395942
0.258187
0.170073
0.150488
0.166897
0.204724
0.25922
0.320758
0.324947
-0.547581
0.448354
0.307366
0.204807
0.173758
0.181885
0.21407
0.26484
0.323874
0.326636
-0.546196
0.481679
0.340615
0.231567
0.194848
0.198273
0.226695
0.274356
0.330488
0.33035
-0.545987
0.504674
0.364004
0.251323
0.211352
0.211884
0.237715
0.282922
0.336506
0.333695
-0.545968
0.52101
0.38071
0.265698
0.223619
0.222215
0.246219
0.289593
0.341211
0.336315
-0.54594
0.532602
0.39257
0.275971
0.232452
0.229708
0.252422
0.294475
0.344662
0.338247
-0.54589
0.540562
0.400706
0.283033
0.238536
0.23488
0.256712
0.297855
0.347056
0.339594
-0.545834
0.545557
0.405804
0.287459
0.242351
0.238124
0.259403
0.299977
0.348561
0.340444
-0.545789
0.547967
0.408262
0.289592
0.244189
0.239688
0.2607
0.300999
0.349286
0.340855
-0.545764
0.547968
0.408262
0.289593
0.244189
0.239688
0.2607
0.300999
0.349286
0.340856
-0.545763
0.545558
0.405805
0.28746
0.242352
0.238126
0.259405
0.299977
0.348562
0.340446
-0.545787
0.540564
0.400708
0.283035
0.238538
0.234883
0.256715
0.297855
0.347059
0.339599
-0.54583
0.532604
0.392573
0.275975
0.232455
0.229712
0.252427
0.294475
0.344666
0.338254
-0.545883
0.521012
0.380713
0.265703
0.223623
0.22222
0.246225
0.289592
0.341215
0.336324
-0.545931
0.504678
0.364008
0.251329
0.211357
0.21189
0.237723
0.282921
0.336512
0.333708
-0.545956
0.481682
0.34062
0.231574
0.194855
0.198282
0.226705
0.274354
0.330496
0.330369
-0.54597
0.448357
0.307371
0.204816
0.173768
0.181896
0.214085
0.264837
0.323889
0.326666
-0.546166
0.395943
0.258191
0.170083
0.1505
0.166912
0.204745
0.259209
0.320775
0.324987
-0.547534
0.288746
0.179892
0.129171
0.130765
0.160145
0.207499
0.270455
0.339751
0.347474
-0.550765
-1.17792
-0.963001
-0.788681
-0.721335
-0.700045
-0.704696
-0.728108
-0.781019
-0.912821
-0.756145
-0.565112
-0.337384
-0.219388
-0.184438
-0.185278
-0.218419
-0.297198
-0.455409
-0.74046
-0.771424
-0.458602
-0.660539
-0.61023
-0.596953
-0.608617
-0.63895
-0.68772
-0.76701
-0.924232
-1.03024
-0.458656
-0.660436
-0.610245
-0.596959
-0.608577
-0.63916
-0.686758
-0.767708
-0.924164
-1.03285
-0.564963
-0.3373
-0.219343
-0.184465
-0.185249
-0.218466
-0.297122
-0.454798
-0.741349
-0.77325
-1.1777
-0.962994
-0.78857
-0.721381
-0.700015
-0.704618
-0.728602
-0.779527
-0.914702
-0.756724
