1760
0.475138
0.383299
0.306113
0.235325
0.16867
0.104957
0.0434773
-0.0162034
-0.0743541
-0.131153
-0.186829
-0.241708
-0.296009
-0.349845
-0.403311
-0.456839
-0.511467
-0.568551
-0.63066
-0.710043
0.467675
0.366457
0.283004
0.207156
0.136151
0.0685865
0.003632
-0.0592261
-0.120311
-0.179827
-0.23802
-0.295237
-0.3517
-0.407512
-0.462748
-0.517656
-0.572959
-0.629754
-0.689936
-0.764908
0.462911
0.355751
0.268089
0.188739
0.114685
0.0444075
-0.0229878
-0.0880571
-0.151149
-0.212483
-0.272316
-0.331008
-0.388782
-0.445746
-0.501982
-0.557688
-0.613518
-0.67057
-0.730694
-0.805228
0.459485
0.348041
0.257344
0.175444
0.0991456
0.0268507
-0.0423749
-0.109112
-0.173725
-0.23644
-0.297522
-0.357342
-0.416126
-0.473985
-0.531008
-0.587373
-0.643703
-0.701107
-0.761404
-0.835862
0.456883
0.342123
0.249091
0.165232
0.0872004
0.0133392
-0.0573168
-0.125366
-0.191182
-0.254998
-0.317082
-0.377815
-0.437422
-0.496019
-0.553699
-0.610628
-0.667411
-0.725165
-0.785685
-0.860195
0.454837
0.337409
0.242511
0.157089
0.0776756
0.00256239
-0.0692414
-0.138349
-0.20514
-0.269852
-0.332758
-0.394243
-0.454535
-0.513749
-0.571984
-0.629395
-0.686574
-0.744644
-0.805384
-0.879984
0.453185
0.333561
0.237134
0.150437
0.0698979
-0.00623628
-0.0789778
-0.148951
-0.216545
-0.281996
-0.345584
-0.407696
-0.46856
-0.528293
-0.586997
-0.644818
-0.702339
-0.760686
-0.821625
-0.896323
0.451826
0.330366
0.232669
0.144915
0.0634448
-0.0135334
-0.0870506
-0.157742
-0.226
-0.292068
-0.356224
-0.41886
-0.480205
-0.540375
-0.599475
-0.657645
-0.715458
-0.774043
-0.835158
-0.909948
0.450692
0.327684
0.22892
0.140283
0.0580342
-0.0196483
-0.0938125
-0.165103
-0.233917
-0.300499
-0.365132
-0.428208
-0.489957
-0.550496
-0.60993
-0.668394
-0.726455
-0.785245
-0.846511
-0.921385
0.449738
0.325417
0.225752
0.136371
0.0534685
-0.0248049
-0.0995116
-0.171304
-0.240584
-0.307598
-0.372631
-0.436077
-0.498167
-0.559017
-0.618732
-0.677444
-0.735716
-0.794679
-0.856075
-0.931023
0.448931
0.323494
0.223068
0.133058
0.0496048
-0.0291657
-0.104328
-0.176542
-0.246214
-0.313591
-0.37896
-0.442717
-0.505093
-0.566204
-0.626157
-0.685079
-0.743528
-0.802637
-0.864144
-0.939157
0.448247
0.321865
0.220794
0.130253
0.0463365
-0.0328521
-0.108398
-0.180966
-0.250966
-0.318648
-0.384299
-0.448317
-0.510933
-0.572263
-0.632415
-0.691513
-0.750111
-0.809344
-0.870944
-0.946012
0.447671
0.320489
0.218875
0.127888
0.0435827
-0.0359563
-0.111823
-0.184687
-0.254961
-0.322898
-0.388784
-0.453021
-0.515837
-0.577351
-0.637669
-0.696914
-0.755637
-0.814974
-0.876652
-0.951767
0.447189
0.319337
0.217269
0.125911
0.0412811
-0.0385494
-0.114682
-0.187792
-0.258294
-0.326442
-0.392524
-0.456941
-0.519923
-0.581589
-0.642045
-0.701412
-0.760238
-0.819661
-0.881405
-0.956559
0.44679
0.318386
0.215944
0.12428
0.0393833
-0.0406864
-0.117038
-0.190349
-0.261038
-0.329358
-0.3956
-0.460164
-0.523283
-0.585073
-0.645642
-0.705108
-0.764019
-0.823513
-0.88531
-0.960496
0.446468
0.317618
0.214873
0.122963
0.037852
-0.04241
-0.118937
-0.19241
-0.263249
-0.331707
-0.398077
-0.46276
-0.525988
-0.587877
-0.648536
-0.708083
-0.767062
-0.826611
-0.888451
-0.963663
0.446217
0.317018
0.214038
0.121936
0.0366584
-0.0437532
-0.120417
-0.194015
-0.26497
-0.333536
-0.400005
-0.46478
-0.528092
-0.590058
-0.650787
-0.710396
-0.769427
-0.82902
-0.890893
-0.966126
0.446032
0.316577
0.213424
0.121181
0.0357808
-0.0447404
-0.121504
-0.195195
-0.266234
-0.334878
-0.40142
-0.466263
-0.529636
-0.591658
-0.652439
-0.712093
-0.771163
-0.830788
-0.892685
-0.967932
0.445911
0.316287
0.21302
0.120684
0.035204
-0.0453891
-0.122218
-0.195969
-0.267064
-0.33576
-0.40235
-0.467236
-0.53065
-0.592709
-0.653524
-0.713208
-0.772302
-0.831947
-0.893861
-0.969118
0.44585
0.316143
0.21282
0.120438
0.0349181
-0.0457106
-0.122572
-0.196353
-0.267476
-0.336197
-0.40281
-0.467718
-0.531152
-0.59323
-0.654061
-0.71376
-0.772866
-0.832522
-0.894443
-0.969705
0.44585
0.316143
0.21282
0.120438
0.0349182
-0.0457105
-0.122572
-0.196353
-0.267475
-0.336197
-0.40281
-0.467718
-0.531152
-0.593229
-0.654061
-0.71376
-0.772866
-0.832521
-0.894442
-0.969704
0.44591
0.316287
0.21302
0.120685
0.0352044
-0.0453887
-0.122217
-0.195969
-0.267064
-0.335759
-0.402349
-0.467235
-0.530649
-0.592708
-0.653523
-0.713208
-0.772301
-0.831945
-0.893859
-0.969116
0.446032
0.316577
0.213424
0.121181
0.0357813
-0.0447397
-0.121503
-0.195194
-0.266233
-0.334877
-0.401419
-0.466261
-0.529634
-0.591656
-0.652438
-0.712094
-0.771162
-0.830784
-0.892681
-0.967929
0.446217
0.317018
0.214039
0.121936
0.0366591
-0.0437523
-0.120415
-0.194014
-0.264968
-0.333534
-0.400003
-0.464778
-0.528089
-0.590054
-0.650786
-0.710397
-0.769425
-0.829015
-0.890888
-0.966121
0.446468
0.317618
0.214874
0.122963
0.0378529
-0.0424089
-0.118936
-0.192409
-0.263247
-0.331705
-0.398075
-0.462758
-0.525984
-0.587872
-0.648534
-0.708084
-0.767059
-0.826604
-0.888444
-0.963656
0.44679
0.318386
0.215944
0.124281
0.0393845
-0.040685
-0.117036
-0.190347
-0.261036
-0.329355
-0.395597
-0.460161
-0.523278
-0.585067
-0.64564
-0.70511
-0.764017
-0.823504
-0.8853
-0.960487
0.447188
0.319337
0.217269
0.125912
0.0412824
-0.0385478
-0.11468
-0.18779
-0.258292
-0.326438
-0.39252
-0.456937
-0.519917
-0.581581
-0.642042
-0.701414
-0.760235
-0.819651
-0.881393
-0.956548
0.44767
0.320489
0.218875
0.12789
0.0435842
-0.0359546
-0.111821
-0.184684
-0.254958
-0.322894
-0.38878
-0.453016
-0.51583
-0.577342
-0.637666
-0.696917
-0.755633
-0.814962
-0.876639
-0.951755
0.448247
0.321865
0.220794
0.130254
0.0463382
-0.0328502
-0.108395
-0.180963
-0.250962
-0.318643
-0.384294
-0.448312
-0.510925
-0.572253
-0.632412
-0.691517
-0.750107
-0.809331
-0.870929
-0.945998
0.44893
0.323494
0.223068
0.133059
0.0496066
-0.0291636
-0.104326
-0.176539
-0.24621
-0.313586
-0.378955
-0.442712
-0.505084
-0.566193
-0.626154
-0.685085
-0.743523
-0.802622
-0.864126
-0.939141
0.449737
0.325416
0.225753
0.136372
0.0534705
-0.0248026
-0.0995086
-0.1713
-0.240579
-0.307593
-0.372626
-0.436071
-0.498157
-0.559004
-0.618729
-0.677452
-0.735711
-0.794661
-0.856054
-0.931005
0.450691
0.327683
0.22892
0.140284
0.0580362
-0.0196459
-0.0938094
-0.165099
-0.233912
-0.300493
-0.365126
-0.428201
-0.489946
-0.550482
-0.609928
-0.668404
-0.726451
-0.785224
-0.846487
-0.921364
0.451825
0.330365
0.232669
0.144917
0.0634469
-0.0135311
-0.0870474
-0.157738
-0.225995
-0.292062
-0.356218
-0.418853
-0.480192
-0.540359
-0.599473
-0.657657
-0.715453
-0.774019
-0.83513
-0.909924
0.453184
0.33356
0.237134
0.150439
0.0698999
-0.00623398
-0.0789746
-0.148947
-0.216539
-0.28199
-0.345577
-0.407688
-0.468546
-0.528274
-0.586996
-0.644834
-0.702335
-0.760659
-0.821594
-0.896295
0.454835
0.337408
0.24251
0.15709
0.0776775
0.00256453
-0.0692382
-0.138344
-0.205134
-0.269845
-0.332751
-0.394235
-0.454519
-0.513728
-0.571984
-0.629416
-0.686571
-0.744613
-0.805347
-0.879952
0.456881
0.342122
0.249091
0.165233
0.0872021
0.013341
-0.0573139
-0.125362
-0.191177
-0.254991
-0.317075
-0.377806
-0.437405
-0.495995
-0.553701
-0.610656
-0.667409
-0.725128
-0.785642
-0.860158
0.459483
0.348039
0.257342
0.175445
0.0991469
0.0268519
-0.0423725
-0.109108
-0.17372
-0.236433
-0.297515
-0.357334
-0.416108
-0.473959
-0.531014
-0.587412
-0.643705
-0.701066
-0.761355
-0.835821
0.462909
0.355748
0.268087
0.188739
0.114686
0.0444079
-0.0229861
-0.0880539
-0.151145
-0.212477
-0.27231
-0.331001
-0.388762
-0.445716
-0.501994
-0.557744
-0.613527
-0.670524
-0.730639
-0.805184
0.467672
0.366454
0.283001
0.207156
0.136152
0.0685856
0.00363248
-0.0592238
-0.120307
-0.179822
-0.238015
-0.295231
-0.351676
-0.407474
-0.46277
-0.51774
-0.57298
-0.629701
-0.689874
-0.764863
0.475135
0.383294
0.306109
0.235325
0.168669
0.104954
0.0434759
-0.0162027
-0.0743521
-0.13115
-0.186827
-0.241707
-0.295979
-0.349787
-0.403341
-0.456974
-0.511512
-0.568489
-0.630594
-0.710008
0.554833
0.539245
0.505691
0.46544
0.421659
0.375629
0.327975
0.279056
0.229124
0.178395
0.126979
0.0748238
0.0219245
-0.0316512
-0.0857905
-0.140295
-0.195228
-0.251121
-0.308918
-0.379548
0.56518
0.558963
0.531614
0.496038
0.455968
0.413019
0.368044
0.321561
0.273939
0.225474
0.176322
0.12647
0.0759532
0.0248557
-0.0267471
-0.0787864
-0.131557
-0.185937
-0.243597
-0.315949
0.570996
0.57056
0.547281
0.515053
0.477854
0.437423
0.394694
0.350253
0.304517
0.25782
0.210347
0.162108
0.113155
0.0635744
0.0134292
-0.0372514
-0.0888294
-0.142274
-0.199357
-0.271463
0.575215
0.578908
0.558528
0.528725
0.493662
0.455155
0.414183
0.371362
0.327132
0.281841
0.235689
0.188697
0.14092
0.0924437
0.0433214
-0.00643875
-0.0572277
-0.11005
-0.166732
-0.238682
0.578573
0.585456
0.567297
0.539354
0.505937
0.468927
0.429335
0.387797
0.344763
0.300591
0.255485
0.209472
0.162607
0.114973
0.0666169
0.0175354
-0.0326774
-0.0850442
-0.141423
-0.213247
0.581355
0.590807
0.574424
0.54796
0.515853
0.480035
0.441546
0.401033
0.358958
0.31568
0.271409
0.226173
0.180029
0.133055
0.085295
0.0367371
-0.0130325
-0.0650475
-0.121189
-0.192916
0.583703
0.595277
0.580349
0.555093
0.524051
0.489201
0.451605
0.411924
0.370624
0.32807
0.284473
0.239863
0.194296
0.147851
0.100565
0.0524231
0.00300532
-0.0487293
-0.10468
-0.176327
0.585705
0.599055
0.585339
0.561084
0.530923
0.496871
0.46001
0.42101
0.380346
0.338384
0.295337
0.251236
0.20614
0.160122
0.113221
0.065416
0.0162832
-0.0352234
-0.0910173
-0.162599
0.587418
0.60227
0.589574
0.566159
0.536732
0.503344
0.467093
0.428659
0.388521
0.347047
0.304453
0.260773
0.216062
0.170397
0.123811
0.0762818
0.0273829
-0.0239358
-0.0795998
-0.151126
0.588887
0.605015
0.593182
0.570474
0.541666
0.508835
0.473094
0.435132
0.395432
0.354365
0.312147
0.268814
0.224424
0.17905
0.132725
0.0854239
0.0367189
-0.0144437
-0.069999
-0.141479
0.590145
0.607358
0.596258
0.574149
0.545862
0.5135
0.478188
0.440621
0.401287
0.360559
0.318655
0.275613
0.231489
0.186357
0.14025
0.0931383
0.0445948
-0.00643739
-0.0619015
-0.133341
0.591219
0.609355
0.598876
0.577273
0.549426
0.517458
0.482506
0.445271
0.406244
0.3658
0.324158
0.281358
0.237456
0.192527
0.1466
0.0996467
0.0512379
0.000314789
-0.0550727
-0.126479
0.59213
0.611047
0.601092
0.579916
0.552438
0.520801
0.486151
0.449193
0.410422
0.370215
0.328792
0.286194
0.242477
0.197716
0.151939
0.105118
0.0568212
0.00598907
-0.0493342
-0.120712
0.592896
0.612468
0.602951
0.582131
0.554962
0.523601
0.489201
0.452474
0.413916
0.373905
0.332663
0.290232
0.246669
0.202046
0.156394
0.109681
0.0614776
0.010721
-0.0445489
-0.115903
0.59353
0.613644
0.604489
0.583962
0.557047
0.525912
0.491719
0.455181
0.416798
0.376948
0.335854
0.293559
0.250121
0.205613
0.160062
0.113438
0.06531
0.0146152
-0.040611
-0.111945
0.594044
0.614595
0.605733
0.585443
0.558732
0.52778
0.493753
0.457367
0.419124
0.379403
0.338428
0.296242
0.252905
0.208487
0.163018
0.116465
0.068398
0.0177528
-0.0374382
-0.108756
0.594446
0.615338
0.606705
0.586599
0.560048
0.529238
0.495339
0.459072
0.420937
0.381316
0.340434
0.298333
0.255073
0.210727
0.16532
0.118822
0.0708024
0.0201958
-0.0349679
-0.106273
0.594742
0.615886
0.60742
0.58745
0.561016
0.53031
0.496506
0.460325
0.42227
0.382723
0.341908
0.299869
0.256667
0.212372
0.167011
0.120553
0.0725686
0.0219904
-0.0331532
-0.104449
0.594937
0.616246
0.607891
0.58801
0.561653
0.531016
0.497274
0.46115
0.423147
0.383648
0.342877
0.300879
0.257714
0.213453
0.168123
0.121691
0.0737291
0.0231696
-0.0319608
-0.103251
0.595034
0.616425
0.608124
0.588288
0.561969
0.531366
0.497654
0.461559
0.423582
0.384107
0.343358
0.30138
0.258234
0.21399
0.168674
0.122255
0.0743044
0.0237545
-0.0313693
-0.102656
0.595034
0.616426
0.608125
0.588289
0.561969
0.531366
0.497655
0.461559
0.423582
0.384107
0.343358
0.301381
0.258234
0.21399
0.168674
0.122255
0.0743048
0.0237553
-0.0313684
-0.102655
0.594937
0.616247
0.607891
0.588011
0.561654
0.531017
0.497275
0.461151
0.423148
0.383649
0.342879
0.300881
0.257716
0.213455
0.168124
0.121691
0.0737303
0.0231723
-0.0319579
-0.103248
0.594743
0.615887
0.607421
0.587452
0.561017
0.530312
0.496508
0.460327
0.422272
0.382725
0.34191
0.299872
0.25667
0.212375
0.167013
0.120553
0.0725708
0.0219949
-0.0331482
-0.104445
0.594447
0.61534
0.606706
0.586601
0.56005
0.52924
0.495341
0.459074
0.42094
0.381319
0.340437
0.298336
0.255077
0.210732
0.165322
0.118822
0.0708054
0.0202022
-0.0349609
-0.106267
0.594046
0.614597
0.605735
0.585446
0.558735
0.527783
0.493756
0.457371
0.419127
0.379407
0.338432
0.296247
0.25291
0.208494
0.163021
0.116465
0.0684018
0.0177611
-0.0374291
-0.108748
0.593532
0.613646
0.604492
0.583965
0.55705
0.525916
0.491723
0.455186
0.416802
0.376953
0.335859
0.293564
0.250128
0.205621
0.160066
0.113438
0.0653147
0.0146255
-0.0405998
-0.111935
0.592898
0.61247
0.602954
0.582135
0.554966
0.523605
0.489205
0.452479
0.413922
0.373911
0.332669
0.290238
0.246677
0.202056
0.156399
0.109681
0.0614831
0.0107333
-0.0445354
-0.11589
0.592132
0.61105
0.601095
0.57992
0.552442
0.520806
0.486156
0.449199
0.410429
0.370222
0.328799
0.286201
0.242487
0.197727
0.151945
0.105117
0.0568275
0.00600374
-0.0493181
-0.120697
0.591221
0.609358
0.59888
0.577278
0.549431
0.517463
0.482512
0.445278
0.406251
0.365807
0.324166
0.281366
0.237467
0.19254
0.146606
0.0996454
0.051245
0.00033187
-0.0550538
-0.126462
0.590148
0.607362
0.596263
0.574155
0.545868
0.513506
0.478194
0.440629
0.401295
0.360568
0.318664
0.275622
0.231501
0.186372
0.140256
0.0931361
0.0446026
-0.00641774
-0.0618798
-0.133322
0.58889
0.605019
0.593187
0.57048
0.541672
0.508842
0.473102
0.43514
0.395441
0.354374
0.312156
0.268825
0.224438
0.179067
0.132732
0.0854205
0.0367274
-0.0144213
-0.0699741
-0.141456
0.587422
0.602274
0.589579
0.566165
0.536739
0.503351
0.467101
0.428668
0.388531
0.347058
0.304464
0.260784
0.216078
0.170416
0.123818
0.0762766
0.0273918
-0.0239104
-0.0795715
-0.151101
0.585709
0.599059
0.585344
0.561091
0.53093
0.496878
0.460018
0.42102
0.380357
0.338395
0.295348
0.251249
0.206157
0.160144
0.113229
0.0654085
0.0162924
-0.0351945
-0.0909851
-0.16257
0.583707
0.595281
0.580354
0.5551
0.524059
0.489209
0.451614
0.411934
0.370635
0.328083
0.284486
0.239877
0.194316
0.147875
0.100572
0.0524122
0.00301443
-0.0486966
-0.104643
-0.176294
0.581359
0.590812
0.57443
0.547968
0.515861
0.480044
0.441555
0.401044
0.358969
0.315693
0.271423
0.226188
0.18005
0.133082
0.0853008
0.0367214
-0.0130241
-0.0650107
-0.121147
-0.192879
0.578578
0.585461
0.567303
0.539362
0.505945
0.468935
0.429345
0.387808
0.344775
0.300604
0.255499
0.209487
0.16263
0.115003
0.0666209
0.0175124
-0.032671
-0.0850031
-0.141376
-0.213207
0.57522
0.578913
0.558534
0.528734
0.49367
0.455163
0.414193
0.371373
0.327144
0.281855
0.235703
0.188712
0.140946
0.0924777
0.0433224
-0.00647195
-0.057224
-0.110003
-0.166678
-0.238636
0.571001
0.570565
0.547287
0.515061
0.477863
0.437431
0.394704
0.350264
0.30453
0.257834
0.210361
0.162124
0.113184
0.0636141
0.0134259
-0.0372996
-0.0888293
-0.142216
-0.19929
-0.271407
0.565185
0.558968
0.531619
0.496047
0.455976
0.413027
0.368053
0.321572
0.273951
0.225487
0.176335
0.126485
0.0759867
0.0249044
-0.0267579
-0.0788599
-0.131564
-0.185866
-0.243514
-0.315882
0.554838
0.539249
0.505694
0.465449
0.421667
0.375634
0.327982
0.279065
0.229134
0.178407
0.12699
0.0748351
0.021964
-0.031585
-0.0858117
-0.140413
-0.195244
-0.251022
-0.30881
-0.37947
0.474171
0.416855
0.357278
0.299592
0.243176
0.187652
0.132786
0.0784228
0.0244518
-0.0292303
-0.0827439
-0.136204
-0.189704
-0.243363
-0.297349
-0.351893
-0.407476
-0.465088
-0.527192
-0.603408
0.487394
0.445573
0.393982
0.341872
0.289689
0.23749
0.185269
0.133007
0.0806763
0.0282422
-0.0243414
-0.0771297
-0.130185
-0.183598
-0.237488
-0.292017
-0.347513
-0.404713
-0.465827
-0.539958
0.512286
0.478377
0.433511
0.386194
0.337568
0.288091
0.23798
0.187348
0.136257
0.0847429
0.032831
-0.0194879
-0.0722573
-0.125538
-0.179398
-0.233903
-0.289225
-0.345911
-0.405775
-0.478222
0.51229
0.478406
0.43349
0.386195
0.337586
0.288097
0.237978
0.187352
0.136261
0.0847501
0.0328444
-0.019487
-0.0723024
-0.125496
-0.179198
-0.233933
-0.289387
-0.345874
-0.40573
-0.478163
0.487396
0.445606
0.393959
0.34187
0.289706
0.237495
0.185265
0.133009
0.0806774
0.0282468
-0.0243302
-0.0771347
-0.130248
-0.183572
-0.237261
-0.291999
-0.34768
-0.40471
-0.465816
-0.539917
0.474173
0.416888
0.357255
0.299589
0.243192
0.187657
0.132781
0.0784231
0.0244509
-0.0292284
-0.0827349
-0.13621
-0.189777
-0.243364
-0.297127
-0.351829
-0.407615
-0.465113
-0.527212
-0.603392
-0.330573
-0.449027
-0.53382
-0.597227
-0.646988
-0.687105
-0.720028
-0.747378
-0.770285
-0.789567
-0.805835
-0.819551
-0.83107
-0.840668
-0.848561
-0.854916
-0.859859
-0.863488
-0.86587
-0.86705
-0.867048
-0.865865
-0.86348
-0.859847
-0.8549
-0.848543
-0.840646
-0.831043
-0.81952
-0.805799
-0.789526
-0.770238
-0.747325
-0.719968
-0.687037
-0.646911
-0.597139
-0.53372
-0.448913
-0.330459
