1720
-1.20709
-1.1744
-0.848352
-0.675551
-0.575507
-0.514501
-0.475776
-0.449957
-0.43118
-0.417059
-0.407638
-0.399919
-0.387613
-0.365446
-0.326593
-0.261214
-0.167361
-0.0318052
0.155922
-0.317651
-1.82656
-1.76685
-1.27731
-0.967967
-0.75822
-0.608247
-0.495246
-0.405179
-0.329302
-0.264118
-0.209764
-0.163454
-0.119296
-0.0726877
-0.0197676
0.0407375
0.108136
0.199377
0.316449
-0.250608
-2.18802
-2.09235
-1.5384
-1.18431
-0.937922
-0.756387
-0.615761
-0.501285
-0.403631
-0.318954
-0.247206
-0.185227
-0.126646
-0.0665271
-0.00104585
0.0700316
0.144304
0.236261
0.343129
-0.237459
-2.45841
-2.32601
-1.72341
-1.34
-1.0721
-0.872883
-0.716774
-0.588246
-0.477564
-0.380745
-0.297755
-0.225277
-0.15668
-0.0869244
-0.0123146
0.0668181
0.147294
0.242826
0.34919
-0.234195
-2.67496
-2.50829
-1.86551
-1.45907
-1.17528
-0.963673
-0.797028
-0.659011
-0.53946
-0.434257
-0.343389
-0.263447
-0.187623
-0.110829
-0.0294772
0.0557593
0.141293
0.240612
0.348933
-0.234164
-2.85412
-2.65627
-1.97934
-1.5537
-1.25706
-1.03576
-0.861109
-0.716014
-0.589905
-0.478515
-0.381836
-0.296374
-0.21518
-0.133119
-0.0466714
0.0432709
0.132886
0.23565
0.346572
-0.235266
-3.00509
-2.77915
-2.07282
-1.63079
-1.32336
-1.09408
-0.912971
-0.762271
-0.631038
-0.51486
-0.413716
-0.324032
-0.238731
-0.152628
-0.062241
0.0313965
0.124316
0.230067
0.343607
-0.236707
-3.13368
-2.88261
-2.15081
-1.69466
-1.378
-1.14198
-0.955498
-0.800205
-0.664827
-0.544818
-0.440135
-0.347129
-0.258605
-0.169328
-0.0758309
0.0207557
0.11637
0.224663
0.340617
-0.238174
-3.24387
-2.97044
-2.21652
-1.74814
-1.42354
-1.18176
-0.990741
-0.831609
-0.692807
-0.569664
-0.462113
-0.366434
-0.275327
-0.183507
-0.0875122
0.0114618
0.109289
0.219734
0.337834
-0.239539
-3.33856
-3.04533
-2.27221
-1.79323
-1.46178
-1.21506
-1.02017
-0.857793
-0.716125
-0.590383
-0.480471
-0.382606
-0.289397
-0.195511
-0.0974811
0.0034475
0.103106
0.215368
0.335339
-0.240755
-3.41992
-3.10927
-2.31951
-1.83137
-1.494
-1.24304
-1.04484
-0.879719
-0.735637
-0.607721
-0.495847
-0.396176
-0.301237
-0.205654
-0.105951
-0.00341005
0.0977697
0.211564
0.333151
-0.241814
-3.48961
-3.16376
-2.35965
-1.86363
-1.52117
-1.26657
-1.06556
-0.898098
-0.751979
-0.622239
-0.508728
-0.407558
-0.311187
-0.214201
-0.113116
-0.00923994
0.0932068
0.208291
0.331259
-0.242721
-3.54897
-3.20996
-2.39357
-1.8908
-1.544
-1.2863
-1.0829
-0.913467
-0.765634
-0.634364
-0.519488
-0.417072
-0.319515
-0.22137
-0.119142
-0.0141597
0.0893403
0.205505
0.329644
-0.243488
-3.59902
-3.24878
-2.42199
-1.91351
-1.56304
-1.30274
-1.09732
-0.926231
-0.776965
-0.644423
-0.528415
-0.424969
-0.326433
-0.227333
-0.124164
-0.0182704
0.0861003
0.203163
0.328284
-0.244128
-3.64059
-3.28093
-2.44547
-1.93223
-1.57872
-1.31624
-1.10916
-0.936701
-0.786254
-0.652666
-0.535729
-0.43144
-0.332107
-0.232227
-0.128292
-0.0216552
0.0834268
0.201227
0.327157
-0.244655
-3.67433
-3.30696
-2.46444
-1.94734
-1.59135
-1.32711
-1.11868
-0.945114
-0.793714
-0.659284
-0.5416
-0.436636
-0.336663
-0.236161
-0.131613
-0.0243818
0.0812701
0.199662
0.326247
-0.245077
-3.70076
-3.32731
-2.47926
-1.95913
-1.60119
-1.33557
-1.12608
-0.95165
-0.799507
-0.664421
-0.546158
-0.44067
-0.340201
-0.239217
-0.134195
-0.0265034
0.0795903
0.198443
0.325536
-0.245405
-3.72027
-3.34231
-2.49016
-1.96779
-1.60842
-1.34178
-1.13151
-0.956443
-0.803754
-0.668186
-0.549498
-0.443625
-0.342795
-0.241458
-0.136089
-0.0280604
0.0783568
0.197546
0.325014
-0.245644
-3.73311
-3.35218
-2.49733
-1.97348
-1.61316
-1.34586
-1.13507
-0.959588
-0.80654
-0.670656
-0.551688
-0.445564
-0.344495
-0.242927
-0.137331
-0.029082
0.0775473
0.196959
0.324671
-0.245801
-3.73949
-3.35707
-2.50089
-1.9763
-1.61552
-1.34788
-1.13683
-0.961145
-0.807918
-0.671878
-0.552772
-0.446523
-0.345337
-0.243654
-0.137946
-0.0295875
0.0771472
0.196668
0.324501
-0.245879
-3.73949
-3.35707
-2.50088
-1.9763
-1.61551
-1.34788
-1.13683
-0.961144
-0.807917
-0.671876
-0.55277
-0.446522
-0.345336
-0.243653
-0.137944
-0.029586
0.0771493
0.196671
0.324501
-0.245879
-3.7331
-3.35217
-2.49732
-1.97347
-1.61316
-1.34585
-1.13507
-0.959584
-0.806535
-0.670652
-0.551684
-0.44556
-0.344492
-0.242923
-0.137326
-0.0290773
0.0775539
0.196966
0.324672
-0.245801
-3.72024
-3.34229
-2.49015
-1.96778
-1.60841
-1.34177
-1.1315
-0.956436
-0.803747
-0.66818
-0.549491
-0.44362
-0.342789
-0.24145
-0.136081
-0.0280522
0.0783683
0.19756
0.325017
-0.245642
-3.70074
-3.32729
-2.47924
-1.95911
-1.60118
-1.33556
-1.12607
-0.95164
-0.799497
-0.664412
-0.546149
-0.440662
-0.340193
-0.239207
-0.134184
-0.0264917
0.0796068
0.198462
0.325541
-0.245402
-3.6743
-3.30693
-2.46443
-1.94733
-1.59133
-1.3271
-1.11866
-0.945101
-0.793701
-0.659271
-0.541589
-0.436626
-0.336653
-0.236148
-0.131599
-0.0243666
0.0812916
0.199687
0.326252
-0.245073
-3.64054
-3.2809
-2.44544
-1.93221
-1.5787
-1.31622
-1.10914
-0.936685
-0.786238
-0.652651
-0.535715
-0.431428
-0.332094
-0.232211
-0.128275
-0.0216366
0.0834534
0.201257
0.327163
-0.244651
-3.59896
-3.24874
-2.42196
-1.91348
-1.56302
-1.30272
-1.0973
-0.926212
-0.776947
-0.644405
-0.528398
-0.424954
-0.326418
-0.227312
-0.124143
-0.0182476
0.0861328
0.2032
0.328291
-0.244124
-3.54891
-3.20992
-2.39354
-1.89077
-1.54397
-1.28628
-1.08288
-0.913445
-0.765612
-0.634343
-0.519468
-0.417055
-0.319497
-0.221345
-0.119116
-0.014132
0.0893801
0.205551
0.329654
-0.243481
-3.48955
-3.16371
-2.35962
-1.86359
-1.52114
-1.26654
-1.06553
-0.898073
-0.751954
-0.622214
-0.508705
-0.407538
-0.311165
-0.214172
-0.113086
-0.00920691
0.0932543
0.208345
0.331271
-0.242713
-3.41984
-3.10922
-2.31947
-1.83133
-1.49397
-1.24301
-1.04481
-0.87969
-0.735609
-0.607692
-0.49582
-0.396154
-0.301212
-0.20562
-0.105915
-0.00337137
0.0978256
0.211629
0.333165
-0.241804
-3.33848
-3.04527
-2.27217
-1.79319
-1.46174
-1.21502
-1.02014
-0.857761
-0.716094
-0.590351
-0.480441
-0.382581
-0.289369
-0.195472
-0.0974397
0.00349254
0.103171
0.215444
0.335356
-0.240744
-3.24379
-2.97038
-2.21648
-1.74809
-1.4235
-1.18173
-0.990706
-0.831574
-0.692772
-0.569629
-0.46208
-0.366405
-0.275295
-0.183463
-0.0874646
0.0115143
0.109366
0.219823
0.337853
-0.239526
-3.13359
-2.88255
-2.15077
-1.69461
-1.37796
-1.14194
-0.955462
-0.800167
-0.664789
-0.544779
-0.440098
-0.347098
-0.25857
-0.169277
-0.0757759
0.0208174
0.11646
0.224767
0.340639
-0.238159
-3.005
-2.77909
-2.07278
-1.63074
-1.32332
-1.09404
-0.912933
-0.762232
-0.630997
-0.514817
-0.413675
-0.323998
-0.238692
-0.152571
-0.0621778
0.031469
0.124422
0.230189
0.343632
-0.236689
-2.85402
-2.65621
-1.9793
-1.55364
-1.25701
-1.03572
-0.861069
-0.715972
-0.589861
-0.478469
-0.381792
-0.296338
-0.215138
-0.133055
-0.0465993
0.0433567
0.133009
0.235792
0.346599
-0.235244
-2.67486
-2.50824
-1.86548
-1.45901
-1.17523
-0.963634
-0.796987
-0.658967
-0.539414
-0.434207
-0.343342
-0.263409
-0.187579
-0.11076
-0.0293947
0.0558618
0.141433
0.240769
0.348951
-0.23415
-2.45832
-2.32597
-1.72338
-1.33994
-1.07205
-0.872847
-0.716735
-0.588202
-0.477515
-0.380692
-0.297704
-0.225236
-0.156633
-0.0868493
-0.0122122
0.0669572
0.147467
0.24301
0.349203
-0.23418
-2.18792
-2.09232
-1.53839
-1.18426
-0.937878
-0.756357
-0.615726
-0.501243
-0.403583
-0.318899
-0.24715
-0.18518
-0.126594
-0.0664482
-0.000905368
0.0702475
0.144533
0.236482
0.343143
-0.237427
-1.82646
-1.76684
-1.27732
-0.967915
-0.75818
-0.608226
-0.495219
-0.405144
-0.32926
-0.264066
-0.209705
-0.163393
-0.119244
-0.0726172
-0.0195163
0.0411615
0.108425
0.199559
0.316392
-0.250589
-1.20696
-1.17438
-0.848457
-0.67556
-0.575446
-0.514455
-0.475781
-0.44996
-0.431161
-0.417019
-0.407558
-0.399848
-0.387835
-0.365443
-0.32478
-0.259527
-0.168182
-0.0326331
0.155533
-0.317611
0.910823
0.528819
0.290576
0.149348
0.0574454
-0.00756335
-0.0559624
-0.0923535
-0.118388
-0.135459
-0.146196
-0.150484
-0.143828
-0.120408
-0.0724973
0.00579871
0.115383
0.272204
0.44993
-0.21083
0.983357
0.784531
0.56606
0.421997
0.325776
0.258514
0.210102
0.175525
0.152442
0.138442
0.12982
0.125503
0.128327
0.141763
0.169595
0.212692
0.267563
0.343808
0.427239
-0.212265
0.967501
0.863588
0.66125
0.516917
0.416493
0.34461
0.292143
0.254233
0.228387
0.212037
0.201448
0.195383
0.196196
0.20662
0.229342
0.264125
0.306986
0.366938
0.432459
-0.206779
0.940833
0.906269
0.718601
0.576531
0.474688
0.400272
0.345066
0.304522
0.276208
0.257579
0.244967
0.237065
0.235957
0.244036
0.263575
0.294017
0.33124
0.383499
0.439118
-0.203745
0.912372
0.933023
0.758201
0.619042
0.517041
0.44135
0.384447
0.342054
0.31184
0.291334
0.276975
0.267438
0.264648
0.270807
0.28797
0.315416
0.348911
0.396103
0.444962
-0.202002
0.884643
0.951031
0.787435
0.651205
0.549562
0.473242
0.415277
0.371602
0.339972
0.317996
0.302213
0.2913
0.287074
0.291617
0.306845
0.331946
0.362614
0.40604
0.449861
-0.200928
0.858575
0.963654
0.809892
0.676413
0.575328
0.498711
0.440052
0.39546
0.362761
0.339632
0.322695
0.310635
0.305191
0.308358
0.321965
0.345147
0.373556
0.414036
0.453943
-0.200216
0.834533
0.972726
0.827594
0.696625
0.596156
0.519414
0.460279
0.415005
0.381476
0.357425
0.339545
0.326528
0.32005
0.322047
0.334285
0.355874
0.382437
0.420558
0.457352
-0.1997
0.812643
0.979351
0.841791
0.713077
0.613218
0.536442
0.476963
0.431161
0.396971
0.37217
0.35351
0.339689
0.332334
0.333337
0.344419
0.364676
0.38972
0.425924
0.460207
-0.1993
0.792918
0.984241
0.853312
0.726603
0.627317
0.550552
0.490814
0.444592
0.409863
0.384442
0.365131
0.350633
0.342536
0.342695
0.3528
0.371942
0.395727
0.430363
0.462602
-0.198974
0.775315
0.987874
0.862731
0.737789
0.639025
0.562293
0.502354
0.45579
0.420615
0.394678
0.374821
0.35975
0.351025
0.350469
0.359751
0.37796
0.4007
0.434046
0.464612
-0.198701
0.759763
0.990583
0.870461
0.747061
0.648762
0.572073
0.511973
0.465127
0.42958
0.403211
0.382895
0.367342
0.358085
0.356927
0.365517
0.382946
0.404819
0.437103
0.466296
-0.198468
0.746185
0.992604
0.876802
0.754736
0.656845
0.5802
0.519971
0.47289
0.437034
0.410303
0.389601
0.373644
0.36394
0.362276
0.370287
0.387067
0.408224
0.439634
0.467701
-0.198269
0.734499
0.994109
0.881981
0.761054
0.663514
0.586911
0.526576
0.479302
0.443188
0.416155
0.395133
0.378838
0.368762
0.366677
0.374209
0.390453
0.41102
0.441716
0.468864
-0.198102
0.724631
0.995223
0.886168
0.766195
0.668951
0.592386
0.531966
0.484533
0.448207
0.420928
0.399642
0.383069
0.372687
0.370257
0.377396
0.393203
0.413292
0.44341
0.469816
-0.197959
0.716514
0.996038
0.889493
0.7703
0.673299
0.596766
0.536277
0.488717
0.452221
0.424742
0.403244
0.386447
0.37582
0.373112
0.379937
0.395395
0.415103
0.444762
0.470579
-0.197842
0.71009
0.996622
0.89205
0.773471
0.676663
0.600156
0.539614
0.491955
0.455327
0.427692
0.406029
0.389058
0.378239
0.375317
0.381897
0.397085
0.4165
0.445806
0.471169
-0.19775
0.705314
0.997021
0.893911
0.775788
0.679122
0.602635
0.542055
0.494322
0.457596
0.429848
0.408063
0.390965
0.380006
0.376926
0.383328
0.398319
0.417519
0.446568
0.471602
-0.197682
0.702148
0.997271
0.895125
0.777303
0.680732
0.604258
0.543653
0.495872
0.459083
0.43126
0.409395
0.392212
0.381161
0.377978
0.384263
0.399125
0.418186
0.447067
0.471885
-0.197637
0.700571
0.99739
0.895725
0.778053
0.681528
0.605061
0.544443
0.496639
0.459818
0.431958
0.410054
0.392829
0.381733
0.378498
0.384726
0.399524
0.418516
0.447315
0.472025
-0.197614
0.70057
0.99739
0.895725
0.778053
0.681529
0.605062
0.544444
0.49664
0.459819
0.431959
0.410055
0.39283
0.381733
0.378499
0.384727
0.399525
0.418518
0.447318
0.472026
-0.197613
0.702145
0.997271
0.895126
0.777305
0.680734
0.60426
0.543655
0.495875
0.459085
0.431262
0.409397
0.392214
0.381164
0.377981
0.384267
0.399129
0.418192
0.447074
0.471887
-0.197635
0.705308
0.997022
0.893912
0.775791
0.679125
0.602638
0.542058
0.494326
0.4576
0.429853
0.408068
0.390968
0.38001
0.376931
0.383334
0.398325
0.417529
0.44658
0.471604
-0.19768
0.710083
0.996622
0.892052
0.773475
0.676667
0.600161
0.539619
0.49196
0.455332
0.427698
0.406035
0.389063
0.378245
0.375325
0.381906
0.397095
0.416514
0.445822
0.471173
-0.197748
0.716505
0.996039
0.889496
0.770305
0.673305
0.596772
0.536284
0.488724
0.452229
0.42475
0.403252
0.386454
0.375827
0.373123
0.379948
0.395407
0.415121
0.444784
0.470584
-0.197839
0.72462
0.995224
0.886173
0.766202
0.668959
0.592393
0.531973
0.484542
0.448217
0.420937
0.399652
0.383078
0.372697
0.37027
0.377411
0.393219
0.413316
0.443438
0.469823
-0.197954
0.734486
0.99411
0.881986
0.761061
0.663522
0.586919
0.526585
0.479312
0.443199
0.416167
0.395145
0.378849
0.368774
0.366693
0.374226
0.390472
0.411049
0.44175
0.468873
-0.198095
0.74617
0.992606
0.876808
0.754745
0.656855
0.58021
0.519982
0.472902
0.437047
0.410316
0.389615
0.373656
0.363954
0.362295
0.370308
0.38709
0.408258
0.439674
0.467711
-0.198263
0.759748
0.990585
0.870467
0.747071
0.648774
0.572084
0.511986
0.465141
0.429595
0.403227
0.382911
0.367357
0.358102
0.356949
0.365541
0.382972
0.404859
0.43715
0.466307
-0.19846
0.775298
0.987877
0.862739
0.737801
0.639038
0.562306
0.502368
0.455806
0.420632
0.394696
0.374839
0.359767
0.351044
0.350495
0.35978
0.377991
0.400747
0.434102
0.464625
-0.198691
0.7929
0.984244
0.853321
0.726616
0.627332
0.550567
0.490831
0.44461
0.409882
0.384463
0.365152
0.350652
0.342558
0.342726
0.352834
0.371978
0.395783
0.43043
0.462618
-0.198963
0.812625
0.979355
0.8418
0.713092
0.613235
0.536458
0.476981
0.431181
0.396993
0.372193
0.353534
0.33971
0.332359
0.333373
0.344458
0.364717
0.389785
0.426003
0.460225
-0.199287
0.834514
0.972731
0.827603
0.696642
0.596174
0.519432
0.460298
0.415027
0.3815
0.357452
0.339572
0.326552
0.320078
0.322089
0.33433
0.355922
0.382515
0.420653
0.457373
-0.199685
0.858557
0.96366
0.809902
0.676431
0.575347
0.49873
0.440073
0.395484
0.362788
0.339661
0.322725
0.310662
0.305222
0.308407
0.322017
0.345204
0.373647
0.414149
0.453969
-0.200198
0.884626
0.951038
0.787445
0.651225
0.549583
0.473262
0.415299
0.371627
0.34
0.318028
0.302245
0.291329
0.287109
0.291673
0.306906
0.332012
0.362725
0.406178
0.449893
-0.200907
0.912357
0.93303
0.758211
0.619062
0.517063
0.44137
0.38447
0.342081
0.31187
0.291368
0.277009
0.267468
0.264686
0.270873
0.288042
0.315493
0.349048
0.396278
0.44501
-0.201963
0.94082
0.906277
0.718609
0.576552
0.47471
0.400291
0.345088
0.304548
0.276238
0.257614
0.245002
0.237093
0.235995
0.244108
0.263652
0.294097
0.331398
0.383711
0.439173
-0.203697
0.967492
0.863595
0.661254
0.516939
0.416514
0.344626
0.292163
0.254258
0.228417
0.212073
0.201483
0.195407
0.196234
0.206704
0.229416
0.264181
0.307146
0.367174
0.432497
-0.206739
0.983354
0.784533
0.566052
0.422019
0.325794
0.258521
0.210112
0.175542
0.152465
0.138474
0.129854
0.125527
0.128399
0.14193
0.169674
0.21263
0.267644
0.344039
0.42724
-0.212211
0.910844
0.528817
0.290462
0.149377
0.05749
-0.00759733
-0.0560133
-0.0923864
-0.118409
-0.135448
-0.146241
-0.150768
-0.143832
-0.119033
-0.0711421
0.00487332
0.114081
0.272045
0.449822
-0.210663
-1.66554
-0.929865
-0.730401
-0.676958
-0.670514
-0.684742
-0.710486
-0.744698
-0.78615
-0.833815
-0.887327
-0.947962
-1.01712
-1.09664
-1.18569
-1.28086
-1.38368
-1.49368
-1.61195
-1.12034
-0.708161
-0.393712
-0.38526
-0.406993
-0.434542
-0.463644
-0.493304
-0.523531
-0.554569
-0.586703
-0.620334
-0.655956
-0.694574
-0.738932
-0.793241
-0.864248
-0.96578
-1.12439
-1.40248
-1.33156
-0.33938
-0.511167
-0.511687
-0.515998
-0.530321
-0.551982
-0.579214
-0.611948
-0.651002
-0.697545
-0.752285
-0.815716
-0.890165
-0.980128
-1.08744
-1.20864
-1.33948
-1.47934
-1.64551
-1.83156
-0.338876
-0.511818
-0.511526
-0.515831
-0.530407
-0.552098
-0.579239
-0.612011
-0.651035
-0.697548
-0.752508
-0.81639
-0.889986
-0.978615
-1.08645
-1.20565
-1.33977
-1.48633
-1.64923
-1.84508
-0.707876
-0.394162
-0.38536
-0.406659
-0.434529
-0.463841
-0.493361
-0.523534
-0.554609
-0.586698
-0.620354
-0.656224
-0.695515
-0.740186
-0.789762
-0.858644
-0.969184
-1.129
-1.40768
-1.34334
-1.66598
-0.930216
-0.730478
-0.676629
-0.670473
-0.684917
-0.710559
-0.744657
-0.786189
-0.833863
-0.887201
-0.947531
-1.01867
-1.10026
-1.1815
-1.27558
-1.38807
-1.4944
-1.61787
-1.12895
